init_pose:
  position: [-1.47893035412, -2.34704709053, 0.0]
  orientation: [0.0, 0.0, -0.63768576721, 0.770296606703]
